0
1
2
3
[[ 1.    1.    1.    1.    1.    1.    1.    1.    1.    1.    1.    1.    1.
   1.    1.    1.    1.    1.    1.    1.    1.    1.    1.    1.    1.    1.
   1.    1.    1.    1.    1.    1.    1.    1.    1.    1.    1.    1.    1.
   1.    1.    1.    1.    1.    1.    1.    1.    1.    1.    1.  ]
 [ 1.    1.    1.    1.    1.    1.    1.    1.    1.    1.    1.    1.    1.
   1.    1.    1.    1.    1.    1.    1.    1.    1.    1.    1.    1.    1.
   1.    1.    1.    1.    1.    1.    1.    1.    1.    1.    1.    1.    1.
   1.    1.    1.    1.    1.    1.    1.    1.    1.    1.    1.  ]
 [ 1.    1.    1.    1.    1.    1.    1.    1.    1.    1.    1.    1.    1.
   1.    1.    1.    1.    1.    1.    1.    1.    1.    1.    1.    1.    1.
   1.    1.    1.    1.    1.    1.    1.    1.    1.    1.    1.    1.    1.
   1.    1.    1.    1.    1.    1.    1.    1.    1.    1.    1.  ]
 [ 1.    1.    1.    1.    1.    1.    1.    1.    1.    1.    1.    1.    1.
   1.    1.    1.    1.    1.    1.    1.    1.    1.    1.    1.    1.    1.
   1.    1.    1.    1.    1.    1.    1.    1.    1.    1.    1.    1.    1.
   1.    1.    1.    1.    1.    1.    1.    1.    1.    1.    1.  ]
 [ 1.    1.    1.    1.    1.    1.    1.    1.    1.    1.    1.    1.    1.
   1.    1.    1.    1.    1.    1.    1.    1.    1.    1.    1.    1.    1.
   1.    1.    1.    1.    1.    1.    1.    1.    1.    1.    1.    1.    1.
   1.    1.    1.    1.    1.    1.    1.    1.    1.    1.    1.  ]
 [ 1.    1.    1.    1.    1.    1.    1.    1.    1.    1.    1.    1.    1.
   1.    1.    1.    1.    1.    1.    1.    1.    1.    1.    1.    1.    1.
   1.    1.    1.    1.    1.    1.    1.    1.    1.    1.    1.    1.    1.
   1.    1.    1.    1.    1.    1.    1.    1.    1.    1.    1.  ]
 [ 1.    1.    1.    1.    1.    1.    1.    1.    1.    1.    1.    1.    1.
   1.    1.    1.    1.    1.    1.    1.    1.    1.    1.    1.    1.    1.
   1.    1.    1.    1.    1.    1.    1.    1.    1.    1.    1.    1.    1.
   1.    1.    1.    1.    1.    0.9   0.9   0.01  1.    1.    1.  ]
 [ 1.    1.    1.    1.    1.    1.    1.    1.    1.    1.    1.    0.95
   0.5   1.    1.    1.    1.    1.    1.    1.    1.    1.    1.    1.    1.
   1.    1.    1.    1.    1.    1.    1.    1.    1.    0.5   0.5   0.55
   0.5   1.    1.    1.    1.    1.    1.    1.    1.    1.    1.    1.    1.  ]
 [ 1.    1.    1.    1.    1.    1.    1.    1.    1.    1.    0.97  1.    1.
   1.    1.    0.    1.    1.    1.    1.    1.    1.    1.    1.    1.    1.
   1.    1.    1.    1.    1.    1.    1.    1.    1.    1.    1.    1.    1.
   1.    0.1   1.    1.    1.    1.    1.    1.    1.    1.    1.  ]
 [ 1.    1.    1.    1.    1.    1.    1.    1.    1.    1.    1.    1.    1.
   1.    1.    1.    1.    0.15  1.    1.    1.    1.    1.    1.    1.    1.
   1.    1.    1.    1.    1.    1.    1.    1.    1.    1.    1.    1.    1.
   1.    0.    1.    1.    1.    1.    1.    1.    1.    1.    1.  ]
 [ 1.    1.    1.    1.    1.    1.    1.    1.    1.    1.    1.    1.    1.
   1.    1.    1.    1.    1.    1.    1.    1.    1.    1.    1.    1.    1.
   1.    1.    1.    1.    1.    1.    1.    1.    1.    1.    1.    1.    1.
   1.    0.3   1.    1.    1.    1.    1.    1.    1.    1.    1.  ]
 [ 1.    1.    1.    1.    1.    1.    1.    1.    1.    1.    1.    1.    1.
   1.    1.    1.    1.    1.    1.    0.07  1.    1.    1.    1.    1.    1.
   1.    1.    1.    1.    1.    1.    1.    1.    1.    1.    1.    1.    1.
   1.    1.    1.    1.    1.    1.    1.    1.    1.    1.    1.  ]
 [ 1.    1.    1.    1.    1.    1.    1.    1.    1.    1.    1.    1.    1.
   1.    1.    1.    1.    1.    1.    1.    1.    1.    1.    1.    1.    1.
   1.    1.    1.    1.    1.    1.    1.    1.    1.    1.    1.    1.    1.
   1.    1.    1.    1.    1.    1.    1.    1.    1.    1.    1.  ]
 [ 1.    1.    1.    1.    1.    1.    1.    1.    1.    1.    1.    1.    1.
   1.    1.    1.    1.    1.    1.    1.    0.7   1.    1.    1.    1.    1.
   1.    1.    1.    1.    1.    1.    1.    1.    1.    1.    1.    1.    1.
   1.    1.    1.    1.    1.    1.    1.    1.    1.    1.    1.  ]
 [ 1.    1.    1.    1.    1.    1.    1.    1.    1.    1.    1.    1.    1.
   1.    1.    1.    1.    1.    1.    1.    1.    1.    1.    1.    1.    1.
   1.    1.    1.    1.    1.    1.    1.    1.    1.    1.    1.    1.    1.
   1.    1.    1.    1.    1.    1.    1.    1.    1.    1.    1.  ]
 [ 1.    1.    1.    1.    1.    1.    1.    1.    1.    1.    1.    1.    1.
   1.    1.    1.    1.    1.    1.    1.    1.    1.    1.    1.    1.    1.
   1.    1.    1.    1.    1.    1.    1.    1.    1.    1.    1.    1.    1.
   1.    0.3   1.    1.    1.    1.    1.    1.    1.    1.    1.  ]
 [ 1.    1.    1.    1.    1.    1.    1.    1.    1.    1.    1.    1.    1.
   1.    1.    1.    1.    1.    1.    0.03  1.    1.    1.    1.    1.    1.
   1.    1.    1.    1.    1.    1.    1.    1.    1.    1.    1.    1.    1.
   1.    0.3   1.    1.    1.    1.    1.    1.    1.    1.    1.  ]
 [ 1.    1.    1.    1.    1.    1.    1.    1.    1.    1.    1.    1.    1.
   1.    1.    1.    1.    1.    1.    1.    1.    1.    1.    1.    1.    1.
   1.    1.    1.    1.    1.    1.    1.    1.    1.    1.    1.    1.    1.
   1.    0.    1.    1.    1.    1.    1.    1.    1.    1.    1.  ]
 [ 1.    1.    1.    1.    1.    1.    1.    1.    1.    1.    1.    1.    1.
   1.    1.    1.    1.    1.    0.99  1.    1.    1.    1.    1.    1.    1.
   1.    1.    1.    1.    1.    1.    1.    1.    1.    1.    1.    1.    1.
   0.    0.7   1.    1.    1.    1.    1.    1.    1.    1.    1.  ]
 [ 1.    1.    1.    1.    1.    1.    1.    1.    1.    1.    1.    1.    1.
   1.    1.    1.    1.    0.5   1.    1.    1.    1.    1.    1.    1.    1.
   1.    1.    1.    1.    1.    1.    1.    1.    1.    1.    1.    1.    1.
   0.3   1.    1.    1.    1.    1.    1.    1.    1.    1.    1.  ]
 [ 1.    1.    1.    1.    1.    1.    1.    1.    1.    1.    1.    1.    1.
   1.    1.    1.    0.27  1.    1.    1.    1.    1.    1.    1.    1.    1.
   1.    1.    1.    1.    1.    1.    1.    1.    1.    1.    1.    1.    1.
   1.    1.    1.    1.    1.    1.    1.    1.    1.    1.    1.  ]
 [ 1.    1.    1.    1.    1.    1.    1.    1.    1.    1.    1.    1.    1.
   1.    1.    0.93  1.    1.    1.    1.    1.    1.    1.    1.    1.    1.
   1.    1.    1.    1.    1.    1.    1.    1.    1.    1.    1.    1.
   0.91  1.    1.    1.    1.    1.    1.    1.    1.    1.    1.    1.  ]
 [ 1.    1.    1.    1.    1.    1.    1.    1.    1.    1.    1.    1.    1.
   1.    0.35  0.5   1.    1.    1.    1.    0.65  1.    1.    1.    1.    1.
   1.    1.    1.    1.    1.    1.    1.    1.    1.    1.    1.    1.    1.
   1.    1.    1.    1.    1.    1.    1.    1.    1.    1.    1.  ]
 [ 1.    1.    1.    1.    1.    1.    1.    1.    1.    1.    1.    1.    1.
   1.    1.    1.    1.    0.05  1.    1.    0.63  1.    1.    1.    1.    1.
   1.    1.    1.    1.    1.    1.    1.    1.    1.    1.    1.    0.05
   1.    1.    1.    1.    1.    1.    1.    1.    1.    1.    1.    1.  ]
 [ 1.    1.    1.    1.    1.    1.    1.    1.    1.    1.    1.    1.    1.
   1.    1.    1.    1.    1.    1.    1.    1.    1.    1.    1.    1.    1.
   1.    1.    1.    1.    1.    1.    1.    1.    1.    1.    0.97  1.    1.
   1.    1.    1.    1.    1.    1.    1.    1.    1.    1.    1.  ]
 [ 1.    1.    1.    1.    1.    1.    1.    1.    1.    1.    1.    1.    1.
   1.    1.    1.    1.    1.    1.    0.49  0.21  1.    1.    1.    1.    1.
   1.    1.    1.    1.    1.    1.    1.    1.    1.    0.51  1.    1.    1.
   1.    1.    1.    1.    1.    1.    1.    1.    1.    1.    1.  ]
 [ 1.    1.    1.    1.    1.    1.    1.    1.    1.    1.    1.    1.    1.
   1.    1.    1.    1.    1.    1.    1.    0.37  0.09  1.    1.    1.    1.
   1.    1.    1.    1.    1.    1.    1.    0.9   1.    1.    1.    1.    1.
   1.    1.    1.    1.    1.    1.    1.    1.    1.    1.    1.  ]
 [ 1.    1.    1.    1.    1.    1.    1.    1.    1.    1.    1.    1.    1.
   1.    1.    1.    1.    1.    1.    1.    1.    0.    0.5   0.95  1.    1.
   1.    1.    1.    1.    0.15  0.55  1.    1.    1.    1.    1.    1.    1.
   1.    1.    1.    1.    1.    1.    1.    1.    1.    1.    1.  ]
 [ 1.    1.    1.    1.    1.    1.    1.    1.    1.    1.    1.    1.    1.
   1.    1.    1.    1.    1.    1.    1.    1.    1.    1.    1.    1.
   0.9   0.9   0.95  1.    1.    1.    1.    1.    1.    1.    1.    1.    1.
   1.    1.    1.    1.    1.    1.    1.    1.    1.    1.    1.    1.  ]
 [ 1.    1.    1.    1.    1.    1.    1.    1.    1.    1.    1.    1.    1.
   1.    1.    1.    1.    1.    1.    1.    1.    1.    0.5   1.    1.    1.
   1.    1.    1.    1.    1.    1.    1.    1.    1.    1.    1.    1.    1.
   0.7   1.    1.    1.    1.    1.    1.    1.    1.    1.    1.  ]
 [ 1.    1.    1.    1.    1.    1.    1.    1.    1.    1.    1.    1.    1.
   1.    1.    1.    1.    1.    1.    1.    1.    1.    0.5   1.    1.    1.
   1.    1.    1.    1.    1.    1.    1.    1.    1.    1.    1.    1.    1.
   0.    1.    1.    1.    1.    1.    1.    1.    1.    1.    1.  ]
 [ 1.    1.    1.    1.    1.    1.    1.    1.    1.    1.    1.    1.    1.
   1.    1.    1.    1.    1.    1.    1.    1.    1.    1.    1.    1.    1.
   1.    1.    1.    1.    1.    1.    1.    1.    1.    1.    1.    1.    1.
   1.    1.    1.    1.    1.    1.    1.    1.    1.    1.    1.  ]
 [ 1.    1.    1.    1.    1.    1.    1.    1.    1.    1.    1.    1.    1.
   1.    1.    1.    1.    1.    1.    1.    1.    1.    1.    1.    1.    1.
   1.    1.    1.    1.    1.    1.    1.    1.    1.    1.    1.    1.    1.
   1.    1.    1.    1.    1.    1.    1.    1.    1.    1.    1.  ]
 [ 1.    1.    1.    1.    1.    1.    1.    1.    1.    1.    1.    1.    1.
   1.    1.    1.    1.    1.    1.    1.    1.    1.    1.    0.9   1.    1.
   1.    1.    1.    1.    1.    1.    1.    1.    1.    1.    1.    1.    1.
   1.    1.    1.    1.    1.    1.    1.    1.    1.    1.    1.  ]
 [ 1.    1.    1.    1.    1.    1.    1.    1.    1.    1.    1.    1.    1.
   1.    1.    1.    1.    1.    1.    1.    1.    1.    1.    0.9   1.    1.
   1.    1.    1.    1.    1.    1.    1.    1.    1.    1.    1.    1.    1.
   1.    1.    1.    1.    1.    1.    1.    1.    1.    1.    1.  ]
 [ 1.    1.    1.    1.    1.    1.    1.    1.    1.    1.    1.    1.    1.
   1.    1.    1.    1.    1.    1.    1.    1.    1.    1.    1.    1.    1.
   1.    1.    1.    1.    1.    1.    1.    1.    1.    1.    1.    1.    1.
   1.    1.    1.    1.    1.    1.    1.    1.    1.    1.    1.  ]
 [ 1.    1.    1.    1.    1.    1.    1.    1.    1.    1.    1.    1.    1.
   1.    1.    1.    1.    1.    1.    1.    1.    1.    1.    1.    1.    1.
   1.    1.    1.    1.    1.    1.    1.    1.    1.    1.    1.    1.    1.
   1.    1.    1.    1.    1.    1.    1.    1.    1.    1.    1.  ]
 [ 1.    1.    1.    1.    1.    1.    1.    1.    1.    1.    1.    1.    1.
   1.    1.    1.    1.    1.    1.    1.    1.    1.    0.5   1.    1.    1.
   1.    1.    1.    1.    1.    1.    1.    1.    1.    1.    1.    1.    1.
   1.    1.    1.    1.    1.    1.    1.    1.    1.    1.    1.  ]
 [ 1.    1.    1.    1.    1.    1.    1.    1.    1.    1.    1.    1.    1.
   1.    1.    1.    1.    1.    1.    1.    1.    1.    0.5   1.    1.    1.
   1.    1.    1.    1.    1.    1.    1.    1.    1.    1.    1.    1.    1.
   1.    1.    1.    1.    1.    1.    1.    1.    1.    1.    1.  ]
 [ 1.    0.73  1.    1.    1.    1.    1.    1.    1.    1.    1.    1.    1.
   1.    1.    1.    1.    1.    1.    1.    1.    0.9   1.    1.    1.    1.
   1.    1.    1.    1.    1.    1.    1.    1.    1.    1.    1.    1.    1.
   1.    1.    1.    1.    1.    1.    1.    1.    1.    1.    1.  ]
 [ 1.    0.    1.    1.    1.    1.    1.    1.    1.    1.    1.    1.    1.
   1.    1.    1.    1.    1.    1.    1.    0.51  1.    1.    1.    1.    1.
   1.    1.    1.    1.    1.    1.    1.    1.    1.    1.    1.    1.    1.
   1.    1.    1.    1.    1.    1.    1.    1.    1.    1.    1.  ]
 [ 1.    1.    0.95  1.    1.    1.    1.    1.    1.    1.    1.    1.    1.
   1.    1.    1.    1.    1.    1.    0.63  1.    1.    1.    1.    1.    1.
   1.    1.    1.    1.    1.    1.    1.    1.    1.    1.    1.    1.    1.
   1.    1.    1.    1.    1.    1.    1.    1.    1.    1.    1.  ]
 [ 1.    1.    0.75  1.    1.    1.    1.    1.    1.    1.    1.    1.    1.
   1.    1.    1.    0.5   0.25  1.    1.    1.    1.    1.    1.    1.    1.
   1.    1.    1.    1.    1.    1.    1.    1.    1.    1.    1.    1.    1.
   1.    1.    1.    1.    1.    1.    1.    1.    1.    1.    1.  ]
 [ 1.    1.    1.    1.    0.9   0.73  1.    1.    1.    1.    1.    1.    1.
   1.    0.9   1.    1.    1.    1.    1.    1.    1.    1.    1.    1.    1.
   1.    1.    1.    1.    1.    1.    1.    1.    1.    1.    1.    1.    1.
   1.    1.    1.    1.    1.    1.    1.    1.    1.    1.    1.  ]
 [ 1.    1.    1.    1.    1.    1.    1.    1.    1.    1.    1.    1.    1.
   1.    1.    1.    1.    1.    1.    1.    1.    1.    1.    1.    1.    1.
   1.    1.    1.    1.    1.    1.    1.    1.    1.    1.    1.    1.    1.
   1.    1.    1.    1.    1.    1.    1.    1.    1.    1.    1.  ]
 [ 1.    1.    1.    1.    1.    1.    1.    1.    1.    1.    1.    1.    1.
   1.    1.    1.    1.    1.    1.    1.    1.    1.    1.    1.    1.    1.
   1.    1.    1.    1.    1.    1.    1.    1.    1.    1.    1.    1.    1.
   1.    1.    1.    1.    1.    1.    1.    1.    1.    1.    1.  ]
 [ 1.    1.    1.    1.    1.    1.    1.    1.    1.    1.    1.    1.    1.
   1.    1.    1.    1.    1.    1.    1.    1.    1.    1.    1.    1.    1.
   1.    1.    1.    1.    1.    1.    1.    1.    1.    1.    1.    1.    1.
   1.    1.    1.    1.    1.    1.    1.    1.    1.    1.    1.  ]
 [ 1.    1.    1.    1.    1.    1.    1.    1.    1.    1.    1.    1.    1.
   1.    1.    1.    1.    1.    1.    1.    1.    1.    1.    1.    1.    1.
   1.    1.    1.    1.    1.    1.    1.    1.    1.    1.    1.    1.    1.
   1.    1.    1.    1.    1.    1.    1.    1.    1.    1.    1.  ]
 [ 1.    1.    1.    1.    1.    1.    1.    1.    1.    1.    1.    1.    1.
   1.    1.    1.    1.    1.    1.    1.    1.    1.    1.    1.    1.    1.
   1.    1.    1.    1.    1.    1.    1.    1.    1.    1.    1.    1.    1.
   1.    1.    1.    1.    1.    1.    1.    1.    1.    1.    1.  ]
 [ 1.    1.    1.    1.    1.    1.    1.    1.    1.    1.    1.    1.    1.
   1.    1.    1.    1.    1.    1.    1.    1.    1.    1.    1.    1.    1.
   1.    1.    1.    1.    1.    1.    1.    1.    1.    1.    1.    1.    1.
   1.    1.    1.    1.    1.    1.    1.    1.    1.    1.    1.  ]]
4
[ 1.    1.    1.    1.    1.    1.    1.    1.    1.    1.    1.    1.    1.
  1.    1.    1.    1.    1.    1.    1.    1.    1.    1.    1.    1.    1.
  1.    1.    1.    1.    1.    1.    1.    1.    1.    1.    1.    1.    1.
  1.    1.    1.    1.    1.    1.    1.    1.    1.    1.    1.    1.    1.
  1.    1.    1.    1.    1.    1.    1.    1.    1.    1.    1.    1.    1.
  1.    1.    1.    1.    1.    1.    1.    1.    1.    1.    1.    1.    1.
  1.    1.    1.    1.    1.    1.    1.    1.    1.    1.    1.    1.    1.
  1.    1.    1.    1.    1.    1.    1.    1.    1.    1.    1.    1.    1.
  1.    1.    1.    1.    1.    1.    1.    1.    1.    1.    1.    1.    1.
  1.    1.    1.    1.    1.    1.    1.    1.    1.    1.    1.    1.    1.
  1.    1.    1.    1.    1.    1.    1.    1.    1.    1.    1.    1.    1.
  1.    1.    1.    1.    1.    1.    1.    1.    1.    1.    1.    1.    1.
  1.    1.    1.    1.    1.    1.    1.    1.    1.    1.    1.    1.    1.
  1.    1.    1.    1.    1.    1.    1.    1.    1.    1.    1.    1.    1.
  1.    1.    1.    1.    1.    1.    1.    1.    1.    1.    1.    1.    1.
  1.    1.    1.    1.    1.    1.    1.    1.    1.    1.    1.    1.    1.
  1.    1.    1.    1.    1.    1.    1.    1.    1.    1.    1.    1.    1.
  1.    1.    1.    1.    1.    1.    1.    1.    1.    1.    1.    1.    1.
  1.    1.    1.    1.    1.    1.    1.    1.    1.    1.    1.    1.    1.
  1.    1.    1.    1.    1.    1.    1.    1.    1.    1.    1.    1.    1.
  1.    1.    1.    1.    1.    1.    1.    1.    1.    1.    1.    1.    1.
  1.    1.    1.    1.    1.    1.    1.    1.    1.    1.    1.    1.    1.
  1.    1.    1.    1.    1.    1.    1.    1.    1.    1.    1.    1.    1.
  1.    1.    1.    1.    1.    1.    1.    1.    1.    1.    1.    1.    1.
  1.    1.    1.    1.    1.    1.    1.    1.    1.    1.    1.    1.    1.
  1.    1.    1.    1.    1.    1.    1.    1.    1.    1.    1.    1.    1.
  1.    1.    1.    1.    1.    1.    0.9   0.9   0.01  1.    1.    1.    1.
  1.    1.    1.    1.    1.    1.    1.    1.    1.    1.    0.95  0.5   1.
  1.    1.    1.    1.    1.    1.    1.    1.    1.    1.    1.    1.    1.
  1.    1.    1.    1.    1.    1.    1.    0.5   0.5   0.55  0.5   1.    1.
  1.    1.    1.    1.    1.    1.    1.    1.    1.    1.    1.    1.    1.
  1.    1.    1.    1.    1.    1.    1.    0.97  1.    1.    1.    1.    0.
  1.    1.    1.    1.    1.    1.    1.    1.    1.    1.    1.    1.    1.
  1.    1.    1.    1.    1.    1.    1.    1.    1.    1.    1.    0.1   1.
  1.    1.    1.    1.    1.    1.    1.    1.    1.    1.    1.    1.    1.
  1.    1.    1.    1.    1.    1.    1.    1.    1.    1.    1.    1.
  0.15  1.    1.    1.    1.    1.    1.    1.    1.    1.    1.    1.    1.
  1.    1.    1.    1.    1.    1.    1.    1.    1.    1.    0.    1.    1.
  1.    1.    1.    1.    1.    1.    1.    1.    1.    1.    1.    1.    1.
  1.    1.    1.    1.    1.    1.    1.    1.    1.    1.    1.    1.    1.
  1.    1.    1.    1.    1.    1.    1.    1.    1.    1.    1.    1.    1.
  1.    1.    1.    1.    1.    1.    1.    1.    0.3   1.    1.    1.    1.
  1.    1.    1.    1.    1.    1.    1.    1.    1.    1.    1.    1.    1.
  1.    1.    1.    1.    1.    1.    1.    1.    1.    1.    1.    0.07
  1.    1.    1.    1.    1.    1.    1.    1.    1.    1.    1.    1.    1.
  1.    1.    1.    1.    1.    1.    1.    1.    1.    1.    1.    1.    1.
  1.    1.    1.    1.    1.    1.    1.    1.    1.    1.    1.    1.    1.
  1.    1.    1.    1.    1.    1.    1.    1.    1.    1.    1.    1.    1.
  1.    1.    1.    1.    1.    1.    1.    1.    1.    1.    1.    1.    1.
  1.    1.    1.    1.    1.    1.    1.    1.    1.    1.    1.    1.    1.
  1.    1.    1.    1.    1.    1.    1.    1.    1.    1.    1.    1.    1.
  1.    1.    1.    1.    1.    1.    1.    1.    1.    0.7   1.    1.    1.
  1.    1.    1.    1.    1.    1.    1.    1.    1.    1.    1.    1.    1.
  1.    1.    1.    1.    1.    1.    1.    1.    1.    1.    1.    1.    1.
  1.    1.    1.    1.    1.    1.    1.    1.    1.    1.    1.    1.    1.
  1.    1.    1.    1.    1.    1.    1.    1.    1.    1.    1.    1.    1.
  1.    1.    1.    1.    1.    1.    1.    1.    1.    1.    1.    1.    1.
  1.    1.    1.    1.    1.    1.    1.    1.    1.    1.    1.    1.    1.
  1.    1.    1.    1.    1.    1.    1.    1.    1.    1.    1.    1.    1.
  1.    1.    1.    1.    1.    1.    1.    1.    1.    1.    1.    1.    1.
  1.    1.    1.    1.    1.    1.    1.    1.    1.    1.    1.    1.    0.3
  1.    1.    1.    1.    1.    1.    1.    1.    1.    1.    1.    1.    1.
  1.    1.    1.    1.    1.    1.    1.    1.    1.    1.    1.    1.    1.
  1.    1.    0.03  1.    1.    1.    1.    1.    1.    1.    1.    1.    1.
  1.    1.    1.    1.    1.    1.    1.    1.    1.    1.    0.3   1.    1.
  1.    1.    1.    1.    1.    1.    1.    1.    1.    1.    1.    1.    1.
  1.    1.    1.    1.    1.    1.    1.    1.    1.    1.    1.    1.    1.
  1.    1.    1.    1.    1.    1.    1.    1.    1.    1.    1.    1.    1.
  1.    1.    1.    1.    1.    1.    1.    1.    0.    1.    1.    1.    1.
  1.    1.    1.    1.    1.    1.    1.    1.    1.    1.    1.    1.    1.
  1.    1.    1.    1.    1.    1.    1.    1.    1.    1.    0.99  1.    1.
  1.    1.    1.    1.    1.    1.    1.    1.    1.    1.    1.    1.    1.
  1.    1.    1.    1.    1.    0.    0.7   1.    1.    1.    1.    1.    1.
  1.    1.    1.    1.    1.    1.    1.    1.    1.    1.    1.    1.    1.
  1.    1.    1.    1.    1.    1.    1.    0.5   1.    1.    1.    1.    1.
  1.    1.    1.    1.    1.    1.    1.    1.    1.    1.    1.    1.    1.
  1.    1.    1.    0.3   1.    1.    1.    1.    1.    1.    1.    1.    1.
  1.    1.    1.    1.    1.    1.    1.    1.    1.    1.    1.    1.    1.
  1.    1.    1.    1.    0.27  1.    1.    1.    1.    1.    1.    1.    1.
  1.    1.    1.    1.    1.    1.    1.    1.    1.    1.    1.    1.    1.
  1.    1.    1.    1.    1.    1.    1.    1.    1.    1.    1.    1.    1.
  1.    1.    1.    1.    1.    1.    1.    1.    1.    1.    1.    1.    1.
  1.    0.93  1.    1.    1.    1.    1.    1.    1.    1.    1.    1.    1.
  1.    1.    1.    1.    1.    1.    1.    1.    1.    1.    1.    0.91
  1.    1.    1.    1.    1.    1.    1.    1.    1.    1.    1.    1.    1.
  1.    1.    1.    1.    1.    1.    1.    1.    1.    1.    1.    1.
  0.35  0.5   1.    1.    1.    1.    0.65  1.    1.    1.    1.    1.    1.
  1.    1.    1.    1.    1.    1.    1.    1.    1.    1.    1.    1.    1.
  1.    1.    1.    1.    1.    1.    1.    1.    1.    1.    1.    1.    1.
  1.    1.    1.    1.    1.    1.    1.    1.    1.    1.    1.    1.    1.
  1.    0.05  1.    1.    0.63  1.    1.    1.    1.    1.    1.    1.    1.
  1.    1.    1.    1.    1.    1.    1.    1.    0.05  1.    1.    1.    1.
  1.    1.    1.    1.    1.    1.    1.    1.    1.    1.    1.    1.    1.
  1.    1.    1.    1.    1.    1.    1.    1.    1.    1.    1.    1.    1.
  1.    1.    1.    1.    1.    1.    1.    1.    1.    1.    1.    1.    1.
  1.    1.    1.    1.    1.    0.97  1.    1.    1.    1.    1.    1.    1.
  1.    1.    1.    1.    1.    1.    1.    1.    1.    1.    1.    1.    1.
  1.    1.    1.    1.    1.    1.    1.    1.    1.    1.    1.    1.
  0.49  0.21  1.    1.    1.    1.    1.    1.    1.    1.    1.    1.    1.
  1.    1.    1.    0.51  1.    1.    1.    1.    1.    1.    1.    1.    1.
  1.    1.    1.    1.    1.    1.    1.    1.    1.    1.    1.    1.    1.
  1.    1.    1.    1.    1.    1.    1.    1.    1.    1.    1.    1.
  0.37  0.09  1.    1.    1.    1.    1.    1.    1.    1.    1.    1.    1.
  0.9   1.    1.    1.    1.    1.    1.    1.    1.    1.    1.    1.    1.
  1.    1.    1.    1.    1.    1.    1.    1.    1.    1.    1.    1.    1.
  1.    1.    1.    1.    1.    1.    1.    1.    1.    1.    1.    1.    0.
  0.5   0.95  1.    1.    1.    1.    1.    1.    0.15  0.55  1.    1.    1.
  1.    1.    1.    1.    1.    1.    1.    1.    1.    1.    1.    1.    1.
  1.    1.    1.    1.    1.    1.    1.    1.    1.    1.    1.    1.    1.
  1.    1.    1.    1.    1.    1.    1.    1.    1.    1.    1.    1.    1.
  1.    0.9   0.9   0.95  1.    1.    1.    1.    1.    1.    1.    1.    1.
  1.    1.    1.    1.    1.    1.    1.    1.    1.    1.    1.    1.    1.
  1.    1.    1.    1.    1.    1.    1.    1.    1.    1.    1.    1.    1.
  1.    1.    1.    1.    1.    1.    1.    1.    1.    0.5   1.    1.    1.
  1.    1.    1.    1.    1.    1.    1.    1.    1.    1.    1.    1.    1.
  0.7   1.    1.    1.    1.    1.    1.    1.    1.    1.    1.    1.    1.
  1.    1.    1.    1.    1.    1.    1.    1.    1.    1.    1.    1.    1.
  1.    1.    1.    1.    1.    1.    1.    0.5   1.    1.    1.    1.    1.
  1.    1.    1.    1.    1.    1.    1.    1.    1.    1.    1.    0.    1.
  1.    1.    1.    1.    1.    1.    1.    1.    1.    1.    1.    1.    1.
  1.    1.    1.    1.    1.    1.    1.    1.    1.    1.    1.    1.    1.
  1.    1.    1.    1.    1.    1.    1.    1.    1.    1.    1.    1.    1.
  1.    1.    1.    1.    1.    1.    1.    1.    1.    1.    1.    1.    1.
  1.    1.    1.    1.    1.    1.    1.    1.    1.    1.    1.    1.    1.
  1.    1.    1.    1.    1.    1.    1.    1.    1.    1.    1.    1.    1.
  1.    1.    1.    1.    1.    1.    1.    1.    1.    1.    1.    1.    1.
  1.    1.    1.    1.    1.    1.    1.    1.    1.    1.    1.    1.    1.
  1.    1.    1.    1.    1.    1.    1.    1.    1.    1.    1.    1.    1.
  1.    1.    1.    1.    1.    1.    1.    1.    1.    1.    1.    1.    1.
  1.    1.    0.9   1.    1.    1.    1.    1.    1.    1.    1.    1.    1.
  1.    1.    1.    1.    1.    1.    1.    1.    1.    1.    1.    1.    1.
  1.    1.    1.    1.    1.    1.    1.    1.    1.    1.    1.    1.    1.
  1.    1.    1.    1.    1.    1.    1.    1.    1.    1.    1.    1.    1.
  0.9   1.    1.    1.    1.    1.    1.    1.    1.    1.    1.    1.    1.
  1.    1.    1.    1.    1.    1.    1.    1.    1.    1.    1.    1.    1.
  1.    1.    1.    1.    1.    1.    1.    1.    1.    1.    1.    1.    1.
  1.    1.    1.    1.    1.    1.    1.    1.    1.    1.    1.    1.    1.
  1.    1.    1.    1.    1.    1.    1.    1.    1.    1.    1.    1.    1.
  1.    1.    1.    1.    1.    1.    1.    1.    1.    1.    1.    1.    1.
  1.    1.    1.    1.    1.    1.    1.    1.    1.    1.    1.    1.    1.
  1.    1.    1.    1.    1.    1.    1.    1.    1.    1.    1.    1.    1.
  1.    1.    1.    1.    1.    1.    1.    1.    1.    1.    1.    1.    1.
  1.    1.    1.    1.    1.    1.    1.    1.    1.    1.    1.    1.    1.
  1.    1.    1.    1.    1.    1.    1.    1.    1.    1.    1.    1.    1.
  1.    1.    1.    1.    1.    1.    0.5   1.    1.    1.    1.    1.    1.
  1.    1.    1.    1.    1.    1.    1.    1.    1.    1.    1.    1.    1.
  1.    1.    1.    1.    1.    1.    1.    1.    1.    1.    1.    1.    1.
  1.    1.    1.    1.    1.    1.    1.    1.    1.    1.    1.    1.    1.
  1.    1.    1.    1.    0.5   1.    1.    1.    1.    1.    1.    1.    1.
  1.    1.    1.    1.    1.    1.    1.    1.    1.    1.    1.    1.    1.
  1.    1.    1.    1.    1.    1.    1.    0.73  1.    1.    1.    1.    1.
  1.    1.    1.    1.    1.    1.    1.    1.    1.    1.    1.    1.    1.
  1.    0.9   1.    1.    1.    1.    1.    1.    1.    1.    1.    1.    1.
  1.    1.    1.    1.    1.    1.    1.    1.    1.    1.    1.    1.    1.
  1.    1.    1.    1.    1.    0.    1.    1.    1.    1.    1.    1.    1.
  1.    1.    1.    1.    1.    1.    1.    1.    1.    1.    1.    0.51
  1.    1.    1.    1.    1.    1.    1.    1.    1.    1.    1.    1.    1.
  1.    1.    1.    1.    1.    1.    1.    1.    1.    1.    1.    1.    1.
  1.    1.    1.    1.    1.    0.95  1.    1.    1.    1.    1.    1.    1.
  1.    1.    1.    1.    1.    1.    1.    1.    1.    0.63  1.    1.    1.
  1.    1.    1.    1.    1.    1.    1.    1.    1.    1.    1.    1.    1.
  1.    1.    1.    1.    1.    1.    1.    1.    1.    1.    1.    1.    1.
  1.    1.    1.    0.75  1.    1.    1.    1.    1.    1.    1.    1.    1.
  1.    1.    1.    1.    0.5   0.25  1.    1.    1.    1.    1.    1.    1.
  1.    1.    1.    1.    1.    1.    1.    1.    1.    1.    1.    1.    1.
  1.    1.    1.    1.    1.    1.    1.    1.    1.    1.    1.    1.    1.
  1.    1.    1.    0.9   0.73  1.    1.    1.    1.    1.    1.    1.    1.
  0.9   1.    1.    1.    1.    1.    1.    1.    1.    1.    1.    1.    1.
  1.    1.    1.    1.    1.    1.    1.    1.    1.    1.    1.    1.    1.
  1.    1.    1.    1.    1.    1.    1.    1.    1.    1.    1.    1.    1.
  1.    1.    1.    1.    1.    1.    1.    1.    1.    1.    1.    1.    1.
  1.    1.    1.    1.    1.    1.    1.    1.    1.    1.    1.    1.    1.
  1.    1.    1.    1.    1.    1.    1.    1.    1.    1.    1.    1.    1.
  1.    1.    1.    1.    1.    1.    1.    1.    1.    1.    1.    1.    1.
  1.    1.    1.    1.    1.    1.    1.    1.    1.    1.    1.    1.    1.
  1.    1.    1.    1.    1.    1.    1.    1.    1.    1.    1.    1.    1.
  1.    1.    1.    1.    1.    1.    1.    1.    1.    1.    1.    1.    1.
  1.    1.    1.    1.    1.    1.    1.    1.    1.    1.    1.    1.    1.
  1.    1.    1.    1.    1.    1.    1.    1.    1.    1.    1.    1.    1.
  1.    1.    1.    1.    1.    1.    1.    1.    1.    1.    1.    1.    1.
  1.    1.    1.    1.    1.    1.    1.    1.    1.    1.    1.    1.    1.
  1.    1.    1.    1.    1.    1.    1.    1.    1.    1.    1.    1.    1.
  1.    1.    1.    1.    1.    1.    1.    1.    1.    1.    1.    1.    1.
  1.    1.    1.    1.    1.    1.    1.    1.    1.    1.    1.    1.    1.
  1.    1.    1.    1.    1.    1.    1.    1.    1.    1.    1.    1.    1.
  1.    1.    1.    1.    1.    1.    1.    1.    1.    1.    1.    1.    1.
  1.    1.    1.    1.    1.    1.    1.    1.    1.    1.    1.    1.    1.
  1.    1.    1.    1.    1.    1.    1.    1.    1.    1.    1.    1.    1.
  1.    1.    1.    1.    1.    1.    1.    1.    1.    1.    1.    1.    1.
  1.    1.    1.    1.    1.    1.    1.    1.    1.    1.    1.    1.    1.
  1.    1.    1.    1.    1.    1.    1.    1.    1.    1.    1.    1.    1.
  1.    1.    1.    1.    1.    1.    1.    1.    1.    1.    1.    1.    1.
  1.    1.    1.    1.    1.    1.    1.    1.    1.    1.    1.  ]
5
